{
    "params": {
        "global_activity_factor": 0.8300000000000001,
        "c0_activity_factor": 1.11,
        "c1_activity_factor": 1.1,
        "c2_activity_factor": 0.92,
        "c3_activity_factor": 1.08,
        "c4_activity_factor": 1.1500000000000001,
        "c5_activity_factor": 1.16,
        "c6_activity_factor": 1.2
    },
    "val_accuracy_after_tuning": 0.48467579400931265
}