{
    "params": {
        "global_activity_factor": 0.76,
        "c0_activity_factor": 0.9500000000000001,
        "c1_activity_factor": 0.9400000000000001,
        "c2_activity_factor": 1.06,
        "c3_activity_factor": 1.03,
        "c4_activity_factor": 0.99,
        "c5_activity_factor": 1.03,
        "c6_activity_factor": 1.07
    },
    "val_accuracy_after_tuning": 0.4303287233303218
}