{
    "params": {
        "global_activity_factor": 1.03,
        "c0_activity_factor": 0.9500000000000001,
        "c1_activity_factor": 0.8300000000000001,
        "c2_activity_factor": 0.8200000000000001,
        "c3_activity_factor": 0.87,
        "c4_activity_factor": 0.87,
        "c5_activity_factor": 0.84,
        "c6_activity_factor": 0.88
    },
    "val_accuracy_after_tuning": 0.7354649128944238
}